fovx: 57.89891364585097
fovy: 40.48294062001526
focalLength: 976.183297674218
principalPoint: (533.5700894797187, 370.08907959128067)
aspectRatio: 0.9999950775879968
distortion parameters: [[ 0.03444774  0.10200284  0.00234118 -0.00425086 -0.55281377]]
