camera_matrix:
- - 1017.4964258906693
  - 0.0
  - 556.8355808714362
- - 0.0
  - 1018.4015011468421
  - 363.83591206646383
- - 0.0
  - 0.0
  - 1.0
dist_coeff:
- - 0.10190337758495399
  - -0.285830205357921
  - -0.007263976561818935
  - -0.0009128028305664409
  - 0.06493611506555085
