fovx: 70.1675670041784
fovy: 42.94688855878191
focalLength: 910.8843804968606
principalPoint: (620.0830549034282, 372.3090587631804)
aspectRatio: 1.0044874468905793
distortion parameters: [[ 0.09016814 -0.19687159 -0.00557082 -0.00114446 -0.11395723]]
