camera_matrix:
- - 520.1784634338128
  - 0.0
  - 408.0818722075756
- - 0.0
  - 514.4133409181096
  - 231.8592322296227
- - 0.0
  - 0.0
  - 1.0
dist_coeff:
- - 0.028566500077574473
  - 0.002221520590884994
  - -0.0013725055266725207
  - 0.006616272424927662
  - -0.018437205730020462
