%YAML:1.0
calibrationDate: "Wed Feb  8 16:44:32 2012\n"
imageSize: [ 640, 480 ]
fovx: 5.4602479885430263e+01
fovy: 4.2042828090754504e+01
focalLength: 9.6868081696750752e-01
cameraMatrix: !!opencv-matrix
   rows: 3
   cols: 3
   dt: d
   data: [ 684.58685, 0., 281.92771, 0.,
       685.28020, 238.46315, 0., 0., 1. ]
distCoeffs: !!opencv-matrix
   rows: 1
   cols: 5
   dt: d
   data: [ 0.03096,   -0.15837,   0.00213,   -0.00555,
       6.4335503929723137e+00 ]
