fovx: 52.137421858152884
fovy: 40.24065515575359
focalLength: 654.0386532237726
principalPoint: (327.3427021540153, 251.35785144971933)
aspectRatio: 1.0013571887206716
distortion parameters: [[ 0.05267651 -0.49561904  0.0052524   0.00314395  1.72472031]]
